Dataset	n_ind	n_loci	n_loci_aLD	N	N_snps	N_geo	N_AF_mn	N_snps_AF_mn	N_snps_AF_mn_maf	SamSites	med_D_SamSites
tomato wild relatives	161	53666	21669	149	21484	149	139	8950	5241	103	535
barley landraces	816	609339	339388	388	339388	388	388	236503	116499	293	3087
barley wild relatives	816	609339	339388	264	339388	264	264	318254	182856	162	624
common bean landraces (andean)	629	826481	57816	219	57816	219	219	41546	19838	127	1465
common bean landraces (mesoamerican)	629	826481	57816	254	57816	254	254	54661	34122	167	1207
common bean wild relatives	79	19179	12608	78	12608	78	78	10482	10289	64	2159
corn landraces	334	90393	72710	332	72710	332	332	72710	52568	35	845
corn wild relatives	745	2033259	1108680	151	1108680	151	151	635350	434324	61	187
rice landraces (circumaus)	3024	137501	136618	143	136618	143	140	85086	44333	67	982
rice landraces (indica)	3024	137501	136618	754	136618	754	753	93550	52686	328	2029
rice landraces (japonica)	3024	137501	136618	283	136618	283	282	69855	35658	160	2416
rice wild relatives	287	574773	431837	286	431837	286	284	377492	377282	121	1273
sorghum landraces	2329	76682	52456	1943	52456	1943	1676	22039	13551	1275	3884
soybean landraces	1512	1824205	915606	457	915606	457	451	676822	366953	80	1141
soybean wild relatives	1512	1824205	915606	175	915606	175	174	731008	583642	99	1080
tepary bean landraces	475	67777	35424	118	35424	118	112	8812	3714	61	403
tepary bean wild relatives	475	67777	35424	186	35424	162	154	16640	13741	79	551
