N	N_snps	N_geo	N_AF_mn	N_snps_AF_mn	N_snps_AF_mn_maf
barley_la	388	339388	388	388	236503	116499
barley_wr	264	339388	264	264	318254	182856
commonbean_la_andean	223	57816	221	221	41717	19542
commonbean_la_mesoamerican	261	57816	255	255	54805	34209
commonbean_la	484	57816	476	476	57447	35071
commonbean_wr	78	12608	78	78	10482	10289
corn_la	332	72710	332	332	72710	52568
corn_wr_mexicana	75	1108680	75	75	576462	377963
corn_wr_parviglumis	66	1108680	66	66	593732	373502
corn_wr	151	1108680	151	151	635350	434324
rice_la_circumaus	143	136618	143	140	85086	44333
rice_la_indica	754	136618	754	753	93550	52686
rice_la_japonica	283	136618	283	282	69855	35658
rice_la	1280	136618	1280	1272	92877	55835
rice_wr	286	431837	286	284	377492	377282
sorghum_la	1943	52456	1943	1676	22039	13551
soybean_la	457	915606	457	451	676822	366953
soybean_wr	175	915606	175	174	731008	583642
teparybean_la_central	43	35424	35	33	911	230
teparybean_la_mexico	118	35424	118	112	8812	3714
teparybean_la	205	35424	157	148	9219	4346
teparybean_wr	186	35424	162	154	16640	13741
tomato_wr	149	21484	149	139	8950	5241
commonbean_wr_andean	26	12608	26	26	3568	2635
commonbean_wr_mesoamerican	47	12608	47	47	9684	8992

