NA NA NA NA NA NA NA NA NA NA TOT
tomato wild relatives 0.14 0.14 0.1 0.1 0.1 0.42 0.14 0.14 0.1 0.1 0.15
barley landraces 0.29 0.29 0.29 0.29 0.29 0.29 0.29 0.29 0.29 0.29 0.29
barley wild relatives 0.076 0.053 0.053 0.053 0.053 0.053 0.053 0.053 0.053 0.053 0.055
common bean landraces 0.52 0.52 0.52 0.52 0.52 0.52 0.52 0.52 0.52 0.52 0.52
common bean wild relatives 0.1 0.13 0.13 0.13 0.13 0.15 0.13 0.13 0.13 0.13 0.13
corn landraces 0.21 0.28 0.28 0.28 0.28 0.28 0.28 0.28 0.28 0.28 0.28
corn wild relatives 0.033 0.033 0.033 0.033 0.033 0.033 0.033 0.033 0.033 0.033 0.033
rice landraces 0.13 0.14 0.14 0.14 0.14 0.14 0.14 0.14 0.14 0.14 0.14
rice wild relatives 0.34 0.33 0.33 0.33 0.33 0.33 0.33 0.33 0.33 0.33 0.33
sorghum landraces 0.12 0.13 0.13 0.13 0.13 0.13 0.13 0.13 0.13 0.13 0.13
soybean landraces 0.41 0.39 0.39 0.39 0.39 0.39 0.39 0.39 0.39 0.39 0.39
soybean wild relatives 0.24 0.24 0.24 0.24 0.24 0.24 0.24 0.24 0.24 0.24 0.24
tepary bean landraces 0.15 0.16 0.16 0.16 0.16 0.16 0.16 0.16 0.16 0.16 0.15
tepary bean wild relatives 0.0065 0.0065 0.0065 0.0065 0.0065 0.0065 0.0065 0.0065 0.0065 0.0065 0.0065
TOT 0.2 0.2 0.2 0.2 0.2 0.22 0.2 0.2 0.2 0.2 0.2
